1.000000 0.999800 0.999805 0.999602 0.999877 0.999728 0.999907 0.999944 0.999948 0.999793 0.999794 0.999818 0.999948 0.999789 0.999790 0.999789 0.999789 0.999589 0.999113 0.999946 0.999942 0.999944 0.999946 0.999486 0.999846 0.999942 0.999929 0.999961 0.999789 0.999678 0.999945 0.999946 0.999946 0.999945 0.999945 0.999315 0.999939 0.999888 0.999827 0.999894 0.999826 0.999868 0.999843 0.999823 0.999801 0.999881 0.999609 0.999948 0.999939 0.999941 0.999943 0.999948 0.999948 0.999945 0.999874 0.999708 0.999798 0.999876 0.976442 0.999901 0.999906 0.999765 0.999955 0.999955 0.999953 0.999941 0.998402 0.997045 
0.999800 1.000000 0.999959 0.999799 0.999908 0.999836 0.999862 0.999757 0.999760 0.999920 0.999613 0.999634 0.999807 0.999917 0.999918 0.999917 0.999917 0.999786 0.999358 0.999842 0.999833 0.999840 0.999841 0.999255 0.999660 0.999836 0.999829 0.999821 0.999915 0.999466 0.999841 0.999842 0.999842 0.999843 0.999843 0.999147 0.999849 0.999901 0.999957 0.999892 0.999956 0.999921 0.999657 0.999635 0.999612 0.999909 0.999408 0.999843 0.999848 0.999834 0.999841 0.999836 0.999836 0.999843 0.999902 0.999518 0.999925 0.999720 0.975681 0.999736 0.999765 0.999583 0.999813 0.999813 0.999811 0.999803 0.998255 0.996888 
0.999805 0.999959 1.000000 0.999797 0.999909 0.999799 0.999865 0.999760 0.999764 0.999963 0.999614 0.999635 0.999811 0.999960 0.999961 0.999960 0.999960 0.999784 0.999363 0.999847 0.999838 0.999844 0.999847 0.999250 0.999658 0.999842 0.999832 0.999825 0.999956 0.999464 0.999845 0.999846 0.999846 0.999848 0.999848 0.999136 0.999854 0.999904 0.999974 0.999895 0.999973 0.999923 0.999659 0.999636 0.999612 0.999911 0.999406 0.999848 0.999853 0.999840 0.999846 0.999840 0.999840 0.999848 0.999905 0.999518 0.999967 0.999720 0.975662 0.999739 0.999768 0.999580 0.999818 0.999818 0.999816 0.999805 0.998284 0.996884 
0.999602 0.999799 0.999797 1.000000 0.999721 0.999732 0.999682 0.999559 0.999563 0.999793 0.999416 0.999438 0.999630 0.999800 0.999800 0.999800 0.999800 0.999965 0.999574 0.999651 0.999630 0.999651 0.999650 0.999011 0.999467 0.999643 0.999653 0.999634 0.999797 0.999230 0.999652 0.999649 0.999649 0.999657 0.999657 0.998956 0.999662 0.999712 0.999776 0.999704 0.999768 0.999725 0.999460 0.999434 0.999411 0.999719 0.999179 0.999650 0.999662 0.999644 0.999649 0.999645 0.999645 0.999657 0.999706 0.999305 0.999802 0.999529 0.974777 0.999549 0.999576 0.999387 0.999619 0.999619 0.999614 0.999616 0.998058 0.996654 
0.999877 0.999908 0.999909 0.999721 1.000000 0.999846 0.999954 0.999839 0.999841 0.999869 0.999696 0.999720 0.999889 0.999873 0.999874 0.999873 0.999873 0.999707 0.999260 0.999925 0.999914 0.999925 0.999921 0.999363 0.999740 0.999913 0.999919 0.999903 0.999870 0.999564 0.999924 0.999925 0.999925 0.999925 0.999925 0.999244 0.999933 0.999982 0.999910 0.999981 0.999907 0.999952 0.999741 0.999720 0.999699 0.999974 0.999501 0.999924 0.999933 0.999915 0.999923 0.999918 0.999918 0.999925 0.999964 0.999601 0.999880 0.999797 0.975872 0.999815 0.999843 0.999667 0.999891 0.999891 0.999888 0.999888 0.998274 0.997003 
0.999728 0.999836 0.999799 0.999732 0.999846 1.000000 0.999802 0.999688 0.999689 0.999760 0.999548 0.999569 0.999738 0.999761 0.999762 0.999761 0.999761 0.999704 0.999317 0.999775 0.999765 0.999775 0.999771 0.999201 0.999597 0.999765 0.999765 0.999752 0.999764 0.999403 0.999775 0.999774 0.999774 0.999774 0.999774 0.999108 0.999782 0.999840 0.999801 0.999831 0.999800 0.999845 0.999595 0.999572 0.999550 0.999849 0.999343 0.999773 0.999782 0.999765 0.999773 0.999769 0.999769 0.999774 0.999840 0.999449 0.999771 0.999655 0.975544 0.999673 0.999700 0.999520 0.999744 0.999744 0.999741 0.999739 0.998099 0.996828 
0.999907 0.999862 0.999865 0.999682 0.999954 0.999802 1.000000 0.999872 0.999872 0.999850 0.999729 0.999756 0.999928 0.999860 0.999860 0.999860 0.999860 0.999668 0.999213 0.999961 0.999946 0.999961 0.999956 0.999405 0.999774 0.999947 0.999960 0.999939 0.999859 0.999601 0.999957 0.999958 0.999958 0.999962 0.999962 0.999300 0.999968 0.999960 0.999891 0.999968 0.999885 0.999931 0.999775 0.999752 0.999735 0.999952 0.999534 0.999957 0.999969 0.999953 0.999957 0.999953 0.999953 0.999962 0.999943 0.999633 0.999862 0.999830 0.975924 0.999848 0.999878 0.999701 0.999923 0.999923 0.999917 0.999922 0.998300 0.997048 
0.999944 0.999757 0.999760 0.999559 0.999839 0.999688 0.999872 1.000000 0.999998 0.999746 0.999844 0.999864 0.999907 0.999748 0.999749 0.999748 0.999748 0.999543 0.999060 0.999905 0.999900 0.999902 0.999901 0.999542 0.999899 0.999893 0.999890 0.999916 0.999749 0.999723 0.999900 0.999903 0.999903 0.999902 0.999902 0.999401 0.999893 0.999849 0.999784 0.999855 0.999786 0.999826 0.999892 0.999868 0.999844 0.999842 0.999658 0.999902 0.999892 0.999894 0.999903 0.999903 0.999903 0.999902 0.999841 0.999753 0.999755 0.999831 0.976386 0.999855 0.999862 0.999814 0.999910 0.999910 0.999908 0.999901 0.998431 0.997175 
0.999948 0.999760 0.999764 0.999563 0.999841 0.999689 0.999872 0.999998 1.000000 0.999752 0.999845 0.999865 0.999910 0.999752 0.999753 0.999752 0.999752 0.999548 0.999063 0.999906 0.999899 0.999903 0.999905 0.999540 0.999900 0.999900 0.999891 0.999918 0.999752 0.999722 0.999902 0.999904 0.999904 0.999905 0.999905 0.999390 0.999896 0.999851 0.999787 0.999857 0.999788 0.999829 0.999892 0.999869 0.999846 0.999845 0.999657 0.999905 0.999896 0.999900 0.999904 0.999905 0.999905 0.999905 0.999841 0.999754 0.999758 0.999833 0.976413 0.999857 0.999865 0.999816 0.999912 0.999912 0.999910 0.999901 0.998447 0.997126 
0.999793 0.999920 0.999963 0.999793 0.999869 0.999760 0.999850 0.999746 0.999752 1.000000 0.999600 0.999618 0.999798 0.999991 0.999991 0.999991 0.999991 0.999781 0.999376 0.999833 0.999829 0.999827 0.999839 0.999219 0.999640 0.999837 0.999812 0.999810 0.999982 0.999440 0.999829 0.999831 0.999831 0.999836 0.999836 0.999105 0.999840 0.999889 0.999957 0.999881 0.999959 0.999912 0.999644 0.999619 0.999589 0.999897 0.999384 0.999839 0.999838 0.999832 0.999833 0.999826 0.999826 0.999836 0.999896 0.999501 0.999994 0.999704 0.975657 0.999724 0.999759 0.999559 0.999808 0.999808 0.999807 0.999787 0.998376 0.996883 
0.999794 0.999613 0.999614 0.999416 0.999696 0.999548 0.999729 0.999844 0.999845 0.999600 1.000000 0.999960 0.999786 0.999599 0.999600 0.999599 0.999599 0.999396 0.998885 0.999761 0.999752 0.999763 0.999758 0.999661 0.999903 0.999752 0.999754 0.999782 0.999604 0.999736 0.999762 0.999761 0.999761 0.999761 0.999761 0.999502 0.999752 0.999704 0.999636 0.999711 0.999639 0.999677 0.999946 0.999971 0.999931 0.999697 0.999798 0.999760 0.999751 0.999752 0.999763 0.999768 0.999768 0.999761 0.999690 0.999892 0.999608 0.999844 0.976701 0.999869 0.999837 0.999954 0.999789 0.999789 0.999788 0.999787 0.998479 0.997274 
0.999818 0.999634 0.999635 0.999438 0.999720 0.999569 0.999756 0.999864 0.999865 0.999618 0.999960 1.000000 0.999810 0.999622 0.999623 0.999622 0.999622 0.999419 0.998907 0.999783 0.999770 0.999781 0.999778 0.999668 0.999882 0.999769 0.999777 0.999806 0.999622 0.999757 0.999779 0.999782 0.999782 0.999783 0.999783 0.999500 0.999774 0.999726 0.999660 0.999733 0.999658 0.999698 0.999969 0.999985 0.999958 0.999719 0.999768 0.999779 0.999777 0.999774 0.999779 0.999791 0.999791 0.999783 0.999707 0.999863 0.999630 0.999817 0.976577 0.999842 0.999847 0.999930 0.999807 0.999807 0.999803 0.999807 0.998463 0.997273 
0.999948 0.999807 0.999811 0.999630 0.999889 0.999738 0.999928 0.999907 0.999910 0.999798 0.999786 0.999810 1.000000 0.999801 0.999802 0.999801 0.999801 0.999613 0.999140 0.999957 0.999937 0.999958 0.999954 0.999473 0.999828 0.999946 0.999958 0.999984 0.999803 0.999660 0.999957 0.999957 0.999957 0.999963 0.999963 0.999372 0.999950 0.999896 0.999834 0.999902 0.999831 0.999866 0.999827 0.999806 0.999790 0.999889 0.999590 0.999956 0.999951 0.999949 0.999956 0.999966 0.999966 0.999963 0.999877 0.999689 0.999807 0.999892 0.975933 0.999910 0.999932 0.999759 0.999978 0.999978 0.999974 0.999980 0.998376 0.997081 
0.999789 0.999917 0.999960 0.999800 0.999873 0.999761 0.999860 0.999748 0.999752 0.999991 0.999599 0.999622 0.999801 1.000000 1.000000 1.000000 1.000000 0.999789 0.999387 0.999836 0.999827 0.999829 0.999839 0.999220 0.999644 0.999834 0.999823 0.999812 0.999987 0.999439 0.999829 0.999829 0.999829 0.999839 0.999839 0.999104 0.999841 0.999891 0.999961 0.999882 0.999958 0.999911 0.999646 0.999620 0.999594 0.999898 0.999383 0.999836 0.999841 0.999834 0.999832 0.999827 0.999827 0.999839 0.999896 0.999501 0.999995 0.999706 0.975404 0.999725 0.999759 0.999564 0.999806 0.999806 0.999801 0.999788 0.998336 0.996894 
0.999790 0.999918 0.999961 0.999800 0.999874 0.999762 0.999860 0.999749 0.999753 0.999991 0.999600 0.999623 0.999802 1.000000 1.000000 1.000000 1.000000 0.999789 0.999386 0.999837 0.999827 0.999830 0.999839 0.999223 0.999645 0.999834 0.999824 0.999813 0.999987 0.999441 0.999830 0.999830 0.999830 0.999839 0.999839 0.999103 0.999842 0.999891 0.999961 0.999883 0.999958 0.999912 0.999647 0.999621 0.999595 0.999899 0.999384 0.999836 0.999842 0.999835 0.999833 0.999828 0.999828 0.999839 0.999897 0.999502 0.999995 0.999706 0.975451 0.999726 0.999760 0.999565 0.999807 0.999807 0.999802 0.999789 0.998330 0.996894 
0.999789 0.999917 0.999960 0.999800 0.999873 0.999761 0.999860 0.999748 0.999752 0.999991 0.999599 0.999622 0.999801 1.000000 1.000000 1.000000 1.000000 0.999789 0.999387 0.999836 0.999827 0.999829 0.999839 0.999220 0.999644 0.999834 0.999823 0.999812 0.999987 0.999439 0.999829 0.999829 0.999829 0.999839 0.999839 0.999104 0.999841 0.999891 0.999961 0.999882 0.999958 0.999911 0.999646 0.999620 0.999594 0.999898 0.999383 0.999836 0.999841 0.999834 0.999832 0.999827 0.999827 0.999839 0.999896 0.999501 0.999995 0.999706 0.975404 0.999725 0.999759 0.999564 0.999806 0.999806 0.999801 0.999788 0.998336 0.996894 
0.999789 0.999917 0.999960 0.999800 0.999873 0.999761 0.999860 0.999748 0.999752 0.999991 0.999599 0.999622 0.999801 1.000000 1.000000 1.000000 1.000000 0.999789 0.999387 0.999836 0.999827 0.999829 0.999839 0.999220 0.999644 0.999834 0.999823 0.999812 0.999987 0.999439 0.999829 0.999829 0.999829 0.999839 0.999839 0.999104 0.999841 0.999891 0.999961 0.999882 0.999958 0.999911 0.999646 0.999620 0.999594 0.999898 0.999383 0.999836 0.999841 0.999834 0.999832 0.999827 0.999827 0.999839 0.999896 0.999501 0.999995 0.999706 0.975404 0.999725 0.999759 0.999564 0.999806 0.999806 0.999801 0.999788 0.998336 0.996894 
0.999589 0.999786 0.999784 0.999965 0.999707 0.999704 0.999668 0.999543 0.999548 0.999781 0.999396 0.999419 0.999613 0.999789 0.999789 0.999789 0.999789 1.000000 0.999590 0.999638 0.999620 0.999636 0.999639 0.998986 0.999450 0.999633 0.999636 0.999620 0.999781 0.999210 0.999637 0.999635 0.999635 0.999644 0.999644 0.998905 0.999649 0.999698 0.999764 0.999690 0.999756 0.999713 0.999443 0.999415 0.999391 0.999705 0.999159 0.999637 0.999650 0.999633 0.999635 0.999632 0.999632 0.999644 0.999693 0.999286 0.999790 0.999513 0.974843 0.999534 0.999562 0.999366 0.999606 0.999606 0.999601 0.999598 0.998065 0.996617 
0.999113 0.999358 0.999363 0.999574 0.999260 0.999317 0.999213 0.999060 0.999063 0.999376 0.998885 0.998907 0.999140 0.999387 0.999386 0.999387 0.999387 0.999590 1.000000 0.999180 0.999175 0.999164 0.999189 0.998368 0.998948 0.999186 0.999153 0.999142 0.999368 0.998628 0.999164 0.999172 0.999172 0.999185 0.999185 0.998278 0.999184 0.999254 0.999333 0.999244 0.999338 0.999280 0.998932 0.998894 0.998845 0.999264 0.998594 0.999180 0.999185 0.999181 0.999175 0.999165 0.999165 0.999185 0.999273 0.998760 0.999378 0.999038 0.973320 0.999057 0.999102 0.998836 0.999146 0.999146 0.999143 0.999110 0.997896 0.996298 
0.999946 0.999842 0.999847 0.999651 0.999925 0.999775 0.999961 0.999905 0.999906 0.999833 0.999761 0.999783 0.999957 0.999836 0.999837 0.999836 0.999836 0.999638 0.999180 1.000000 0.999993 0.999997 0.999996 0.999442 0.999804 0.999989 0.999986 0.999973 0.999834 0.999637 0.999996 0.999998 0.999998 0.999998 0.999998 0.999303 0.999990 0.999935 0.999869 0.999942 0.999869 0.999909 0.999807 0.999785 0.999763 0.999927 0.999570 0.999997 0.999988 0.999990 0.999997 0.999992 0.999992 0.999998 0.999923 0.999669 0.999843 0.999870 0.976110 0.999887 0.999918 0.999730 0.999966 0.999966 0.999963 0.999956 0.998366 0.997069 
0.999942 0.999833 0.999838 0.999630 0.999914 0.999765 0.999946 0.999900 0.999899 0.999829 0.999752 0.999770 0.999937 0.999827 0.999827 0.999827 0.999827 0.999620 0.999175 0.999993 1.000000 0.999985 0.999991 0.999425 0.999792 0.999986 0.999965 0.999960 0.999822 0.999624 0.999984 0.999991 0.999991 0.999987 0.999987 0.999245 0.999979 0.999926 0.999858 0.999933 0.999865 0.999905 0.999797 0.999775 0.999745 0.999919 0.999561 0.999992 0.999977 0.999983 0.999990 0.999983 0.999983 0.999987 0.999923 0.999663 0.999834 0.999863 0.976356 0.999878 0.999912 0.999712 0.999963 0.999963 0.999962 0.999941 0.998422 0.997103 
0.999944 0.999840 0.999844 0.999651 0.999925 0.999775 0.999961 0.999902 0.999903 0.999827 0.999763 0.999781 0.999958 0.999829 0.999830 0.999829 0.999829 0.999636 0.999164 0.999997 0.999985 1.000000 0.999991 0.999451 0.999803 0.999985 0.999992 0.999974 0.999832 0.999641 0.999998 0.999996 0.999996 0.999996 0.999996 0.999336 0.999989 0.999933 0.999867 0.999940 0.999865 0.999904 0.999806 0.999786 0.999769 0.999925 0.999573 0.999994 0.999987 0.999986 0.999997 0.999991 0.999991 0.999996 0.999915 0.999667 0.999839 0.999868 0.976146 0.999885 0.999913 0.999731 0.999962 0.999962 0.999959 0.999962 0.998278 0.997072 
0.999946 0.999841 0.999847 0.999650 0.999921 0.999771 0.999956 0.999901 0.999905 0.999839 0.999758 0.999778 0.999954 0.999839 0.999839 0.999839 0.999839 0.999639 0.999189 0.999996 0.999991 0.999991 1.000000 0.999429 0.999801 0.999996 0.999977 0.999969 0.999834 0.999627 0.999991 0.999993 0.999993 0.999997 0.999997 0.999275 0.999987 0.999933 0.999868 0.999940 0.999869 0.999910 0.999802 0.999780 0.999756 0.999926 0.999563 0.999997 0.999986 0.999995 0.999994 0.999989 0.999989 0.999997 0.999924 0.999666 0.999843 0.999868 0.976102 0.999884 0.999919 0.999724 0.999965 0.999965 0.999963 0.999947 0.998437 0.997037 
0.999486 0.999255 0.999250 0.999011 0.999363 0.999201 0.999405 0.999542 0.999540 0.999219 0.999661 0.999668 0.999473 0.999220 0.999223 0.999220 0.999220 0.998986 0.998368 0.999442 0.999425 0.999451 0.999429 1.000000 0.999576 0.999422 0.999448 0.999472 0.999238 0.999827 0.999449 0.999444 0.999444 0.999438 0.999438 0.999422 0.999431 0.999367 0.999282 0.999376 0.999279 0.999332 0.999653 0.999679 0.999699 0.999357 0.999754 0.999436 0.999431 0.999427 0.999444 0.999452 0.999452 0.999438 0.999341 0.999662 0.999238 0.999498 0.977742 0.999523 0.999519 0.999635 0.999471 0.999471 0.999468 0.999488 0.997879 0.997343 
0.999846 0.999660 0.999658 0.999467 0.999740 0.999597 0.999774 0.999899 0.999900 0.999640 0.999903 0.999882 0.999828 0.999644 0.999645 0.999644 0.999644 0.999450 0.998948 0.999804 0.999792 0.999803 0.999801 0.999576 1.000000 0.999795 0.999795 0.999827 0.999645 0.999661 0.999801 0.999805 0.999805 0.999804 0.999804 0.999398 0.999795 0.999748 0.999682 0.999756 0.999680 0.999722 0.999898 0.999885 0.999850 0.999741 0.999744 0.999801 0.999796 0.999797 0.999802 0.999811 0.999811 0.999804 0.999733 0.999837 0.999651 0.999916 0.976464 0.999910 0.999877 0.999914 0.999831 0.999831 0.999827 0.999825 0.998455 0.997141 
0.999942 0.999836 0.999842 0.999643 0.999913 0.999765 0.999947 0.999893 0.999900 0.999837 0.999752 0.999769 0.999946 0.999834 0.999834 0.999834 0.999834 0.999633 0.999186 0.999989 0.999986 0.999985 0.999996 0.999422 0.999795 1.000000 0.999968 0.999961 0.999830 0.999620 0.999985 0.999986 0.999986 0.999991 0.999991 0.999250 0.999981 0.999927 0.999862 0.999934 0.999864 0.999906 0.999795 0.999774 0.999748 0.999920 0.999558 0.999993 0.999981 0.999997 0.999990 0.999982 0.999982 0.999991 0.999920 0.999662 0.999837 0.999862 0.976224 0.999879 0.999915 0.999717 0.999961 0.999961 0.999960 0.999937 0.998458 0.996980 
0.999929 0.999829 0.999832 0.999653 0.999919 0.999765 0.999960 0.999890 0.999891 0.999812 0.999754 0.999777 0.999958 0.999823 0.999824 0.999823 0.999823 0.999636 0.999153 0.999986 0.999965 0.999992 0.999977 0.999448 0.999795 0.999968 1.000000 0.999969 0.999826 0.999633 0.999990 0.999985 0.999985 0.999988 0.999988 0.999370 0.999981 0.999922 0.999859 0.999929 0.999850 0.999890 0.999797 0.999777 0.999766 0.999915 0.999562 0.999982 0.999980 0.999973 0.999985 0.999981 0.999981 0.999988 0.999898 0.999656 0.999828 0.999855 0.975924 0.999874 0.999900 0.999728 0.999948 0.999948 0.999942 0.999960 0.998222 0.997065 
0.999961 0.999821 0.999825 0.999634 0.999903 0.999752 0.999939 0.999916 0.999918 0.999810 0.999782 0.999806 0.999984 0.999812 0.999813 0.999812 0.999812 0.999620 0.999142 0.999973 0.999960 0.999974 0.999969 0.999472 0.999827 0.999961 0.999969 1.000000 0.999812 0.999662 0.999973 0.999972 0.999972 0.999974 0.999974 0.999351 0.999966 0.999911 0.999848 0.999917 0.999844 0.999883 0.999827 0.999807 0.999789 0.999903 0.999592 0.999971 0.999966 0.999963 0.999971 0.999977 0.999977 0.999974 0.999892 0.999688 0.999820 0.999892 0.976141 0.999910 0.999933 0.999754 0.999981 0.999981 0.999978 0.999980 0.998344 0.997061 
0.999789 0.999915 0.999956 0.999797 0.999870 0.999764 0.999859 0.999749 0.999752 0.999982 0.999604 0.999622 0.999803 0.999987 0.999987 0.999987 0.999987 0.999781 0.999368 0.999834 0.999822 0.999832 0.999834 0.999238 0.999645 0.999830 0.999826 0.999812 1.000000 0.999451 0.999835 0.999833 0.999833 0.999837 0.999837 0.999169 0.999841 0.999888 0.999955 0.999880 0.999954 0.999910 0.999648 0.999624 0.999603 0.999895 0.999388 0.999834 0.999840 0.999831 0.999832 0.999827 0.999827 0.999837 0.999892 0.999503 0.999989 0.999705 0.975435 0.999724 0.999756 0.999570 0.999804 0.999804 0.999801 0.999789 0.998282 0.996831 
0.999678 0.999466 0.999464 0.999230 0.999564 0.999403 0.999601 0.999723 0.999722 0.999440 0.999736 0.999757 0.999660 0.999439 0.999441 0.999439 0.999439 0.999210 0.998628 0.999637 0.999624 0.999641 0.999627 0.999827 0.999661 0.999620 0.999633 0.999662 0.999451 1.000000 0.999640 0.999638 0.999638 0.999633 0.999633 0.999467 0.999627 0.999572 0.999495 0.999580 0.999493 0.999542 0.999747 0.999763 0.999793 0.999564 0.999827 0.999632 0.999628 0.999624 0.999636 0.999646 0.999646 0.999633 0.999550 0.999741 0.999455 0.999592 0.977324 0.999617 0.999617 0.999711 0.999664 0.999664 0.999661 0.999671 0.998062 0.997262 
0.999945 0.999841 0.999845 0.999652 0.999924 0.999775 0.999957 0.999900 0.999902 0.999829 0.999762 0.999779 0.999957 0.999829 0.999830 0.999829 0.999829 0.999637 0.999164 0.999996 0.999984 0.999998 0.999991 0.999449 0.999801 0.999985 0.999990 0.999973 0.999835 0.999640 1.000000 0.999996 0.999996 0.999995 0.999995 0.999338 0.999990 0.999933 0.999868 0.999940 0.999865 0.999905 0.999805 0.999785 0.999769 0.999925 0.999571 0.999995 0.999987 0.999984 0.999996 0.999990 0.999990 0.999995 0.999915 0.999667 0.999839 0.999868 0.976148 0.999885 0.999913 0.999731 0.999963 0.999963 0.999960 0.999960 0.998288 0.997002 
0.999946 0.999842 0.999846 0.999649 0.999925 0.999774 0.999958 0.999903 0.999904 0.999831 0.999761 0.999782 0.999957 0.999829 0.999830 0.999829 0.999829 0.999635 0.999172 0.999998 0.999991 0.999996 0.999993 0.999444 0.999805 0.999986 0.999985 0.999972 0.999833 0.999638 0.999996 1.000000 1.000000 0.999995 0.999995 0.999307 0.999989 0.999934 0.999867 0.999941 0.999869 0.999906 0.999805 0.999785 0.999763 0.999926 0.999570 0.999996 0.999987 0.999986 0.999996 0.999991 0.999991 0.999995 0.999920 0.999668 0.999841 0.999869 0.976168 0.999885 0.999915 0.999731 0.999965 0.999965 0.999964 0.999958 0.998345 0.997069 
0.999946 0.999842 0.999846 0.999649 0.999925 0.999774 0.999958 0.999903 0.999904 0.999831 0.999761 0.999782 0.999957 0.999829 0.999830 0.999829 0.999829 0.999635 0.999172 0.999998 0.999991 0.999996 0.999993 0.999444 0.999805 0.999986 0.999985 0.999972 0.999833 0.999638 0.999996 1.000000 1.000000 0.999995 0.999995 0.999307 0.999989 0.999934 0.999867 0.999941 0.999869 0.999906 0.999805 0.999785 0.999763 0.999926 0.999570 0.999996 0.999987 0.999986 0.999996 0.999991 0.999991 0.999995 0.999920 0.999668 0.999841 0.999869 0.976168 0.999885 0.999915 0.999731 0.999965 0.999965 0.999964 0.999958 0.998345 0.997069 
0.999945 0.999843 0.999848 0.999657 0.999925 0.999774 0.999962 0.999902 0.999905 0.999836 0.999761 0.999783 0.999963 0.999839 0.999839 0.999839 0.999839 0.999644 0.999185 0.999998 0.999987 0.999996 0.999997 0.999438 0.999804 0.999991 0.999988 0.999974 0.999837 0.999633 0.999995 0.999995 0.999995 1.000000 1.000000 0.999309 0.999989 0.999935 0.999870 0.999941 0.999868 0.999907 0.999805 0.999784 0.999763 0.999927 0.999567 0.999998 0.999989 0.999992 0.999996 0.999991 0.999991 1.000000 0.999921 0.999668 0.999843 0.999869 0.976012 0.999886 0.999918 0.999731 0.999965 0.999965 0.999961 0.999956 0.998383 0.997043 
0.999945 0.999843 0.999848 0.999657 0.999925 0.999774 0.999962 0.999902 0.999905 0.999836 0.999761 0.999783 0.999963 0.999839 0.999839 0.999839 0.999839 0.999644 0.999185 0.999998 0.999987 0.999996 0.999997 0.999438 0.999804 0.999991 0.999988 0.999974 0.999837 0.999633 0.999995 0.999995 0.999995 1.000000 1.000000 0.999309 0.999989 0.999935 0.999870 0.999941 0.999868 0.999907 0.999805 0.999784 0.999763 0.999927 0.999567 0.999998 0.999989 0.999992 0.999996 0.999991 0.999991 1.000000 0.999921 0.999668 0.999843 0.999869 0.976012 0.999886 0.999918 0.999731 0.999965 0.999965 0.999961 0.999956 0.998383 0.997043 
0.999315 0.999147 0.999136 0.998956 0.999244 0.999108 0.999300 0.999401 0.999390 0.999105 0.999502 0.999500 0.999372 0.999104 0.999103 0.999104 0.999104 0.998905 0.998278 0.999303 0.999245 0.999336 0.999275 0.999422 0.999398 0.999250 0.999370 0.999351 0.999169 0.999467 0.999338 0.999307 0.999307 0.999309 0.999309 1.000000 0.999300 0.999234 0.999157 0.999242 0.999134 0.999192 0.999501 0.999514 0.999589 0.999225 0.999415 0.999300 0.999277 0.999263 0.999328 0.999312 0.999312 0.999309 0.999193 0.999481 0.999115 0.999297 0.975578 0.999339 0.999333 0.999472 0.999313 0.999314 0.999303 0.999416 0.997362 0.996808 
0.999939 0.999849 0.999854 0.999662 0.999933 0.999782 0.999968 0.999893 0.999896 0.999840 0.999752 0.999774 0.999950 0.999841 0.999842 0.999841 0.999841 0.999649 0.999184 0.999990 0.999979 0.999989 0.999987 0.999431 0.999795 0.999981 0.999981 0.999966 0.999841 0.999627 0.999990 0.999989 0.999989 0.999989 0.999989 0.999300 1.000000 0.999942 0.999877 0.999950 0.999873 0.999915 0.999800 0.999777 0.999758 0.999935 0.999560 0.999989 0.999997 0.999981 0.999987 0.999983 0.999983 0.999989 0.999925 0.999658 0.999849 0.999859 0.976118 0.999878 0.999907 0.999723 0.999956 0.999956 0.999953 0.999949 0.998346 0.997015 
0.999888 0.999901 0.999904 0.999712 0.999982 0.999840 0.999960 0.999849 0.999851 0.999889 0.999704 0.999726 0.999896 0.999891 0.999891 0.999891 0.999891 0.999698 0.999254 0.999935 0.999926 0.999933 0.999933 0.999367 0.999748 0.999927 0.999922 0.999911 0.999888 0.999572 0.999933 0.999934 0.999934 0.999935 0.999935 0.999234 0.999942 1.000000 0.999927 0.999991 0.999926 0.999972 0.999750 0.999728 0.999705 0.999992 0.999507 0.999934 0.999941 0.999927 0.999933 0.999928 0.999928 0.999935 0.999985 0.999609 0.999897 0.999807 0.975936 0.999824 0.999854 0.999672 0.999903 0.999903 0.999901 0.999893 0.998325 0.996987 
0.999827 0.999957 0.999974 0.999776 0.999910 0.999801 0.999891 0.999784 0.999787 0.999957 0.999636 0.999660 0.999834 0.999961 0.999961 0.999961 0.999961 0.999764 0.999333 0.999869 0.999858 0.999867 0.999868 0.999282 0.999682 0.999862 0.999859 0.999848 0.999955 0.999495 0.999868 0.999867 0.999867 0.999870 0.999870 0.999157 0.999877 0.999927 1.000000 0.999919 0.999995 0.999947 0.999683 0.999661 0.999641 0.999935 0.999432 0.999868 0.999876 0.999862 0.999867 0.999863 0.999863 0.999870 0.999926 0.999540 0.999966 0.999741 0.975700 0.999760 0.999789 0.999604 0.999839 0.999839 0.999836 0.999829 0.998259 0.996887 
0.999894 0.999892 0.999895 0.999704 0.999981 0.999831 0.999968 0.999855 0.999857 0.999881 0.999711 0.999733 0.999902 0.999882 0.999883 0.999882 0.999882 0.999690 0.999244 0.999942 0.999933 0.999940 0.999940 0.999376 0.999756 0.999934 0.999929 0.999917 0.999880 0.999580 0.999940 0.999941 0.999941 0.999941 0.999941 0.999242 0.999950 0.999991 0.999919 1.000000 0.999917 0.999963 0.999757 0.999735 0.999712 0.999983 0.999514 0.999941 0.999949 0.999934 0.999940 0.999935 0.999935 0.999941 0.999976 0.999615 0.999890 0.999814 0.975962 0.999831 0.999860 0.999679 0.999910 0.999910 0.999907 0.999900 0.998319 0.996986 
0.999826 0.999956 0.999973 0.999768 0.999907 0.999800 0.999885 0.999786 0.999788 0.999959 0.999639 0.999658 0.999831 0.999958 0.999958 0.999958 0.999958 0.999756 0.999338 0.999869 0.999865 0.999865 0.999869 0.999279 0.999680 0.999864 0.999850 0.999844 0.999954 0.999493 0.999865 0.999869 0.999869 0.999868 0.999868 0.999134 0.999873 0.999926 0.999995 0.999917 1.000000 0.999947 0.999681 0.999660 0.999633 0.999934 0.999433 0.999869 0.999873 0.999861 0.999868 0.999862 0.999862 0.999868 0.999931 0.999542 0.999965 0.999744 0.975735 0.999760 0.999791 0.999601 0.999842 0.999842 0.999842 0.999825 0.998316 0.996945 
0.999868 0.999921 0.999923 0.999725 0.999952 0.999845 0.999931 0.999826 0.999829 0.999912 0.999677 0.999698 0.999866 0.999911 0.999912 0.999911 0.999911 0.999713 0.999280 0.999909 0.999905 0.999904 0.999910 0.999332 0.999722 0.999906 0.999890 0.999883 0.999910 0.999542 0.999905 0.999906 0.999906 0.999907 0.999907 0.999192 0.999915 0.999972 0.999947 0.999963 0.999947 1.000000 0.999725 0.999701 0.999676 0.999980 0.999478 0.999909 0.999915 0.999904 0.999906 0.999901 0.999901 0.999907 0.999977 0.999584 0.999917 0.999781 0.976039 0.999799 0.999830 0.999642 0.999879 0.999879 0.999877 0.999861 0.998352 0.996932 
0.999843 0.999657 0.999659 0.999460 0.999741 0.999595 0.999775 0.999892 0.999892 0.999644 0.999946 0.999969 0.999827 0.999646 0.999647 0.999646 0.999646 0.999443 0.998932 0.999807 0.999797 0.999806 0.999802 0.999653 0.999898 0.999795 0.999797 0.999827 0.999648 0.999747 0.999805 0.999805 0.999805 0.999805 0.999805 0.999501 0.999800 0.999750 0.999683 0.999757 0.999681 0.999725 1.000000 0.999975 0.999945 0.999743 0.999752 0.999804 0.999797 0.999796 0.999805 0.999814 0.999814 0.999805 0.999736 0.999845 0.999654 0.999832 0.976647 0.999858 0.999867 0.999918 0.999834 0.999833 0.999831 0.999829 0.998483 0.997207 
0.999823 0.999635 0.999636 0.999434 0.999720 0.999572 0.999752 0.999868 0.999869 0.999619 0.999971 0.999985 0.999806 0.999620 0.999621 0.999620 0.999620 0.999415 0.998894 0.999785 0.999775 0.999786 0.999780 0.999679 0.999885 0.999774 0.999777 0.999807 0.999624 0.999763 0.999785 0.999785 0.999785 0.999784 0.999784 0.999514 0.999777 0.999728 0.999661 0.999735 0.999660 0.999701 0.999975 1.000000 0.999963 0.999720 0.999774 0.999783 0.999777 0.999775 0.999784 0.999793 0.999793 0.999784 0.999711 0.999868 0.999630 0.999821 0.976739 0.999846 0.999853 0.999936 0.999812 0.999812 0.999810 0.999809 0.998431 0.997204 
0.999801 0.999612 0.999612 0.999411 0.999699 0.999550 0.999735 0.999844 0.999846 0.999589 0.999931 0.999958 0.999790 0.999594 0.999595 0.999594 0.999594 0.999391 0.998845 0.999763 0.999745 0.999769 0.999756 0.999699 0.999850 0.999748 0.999766 0.999789 0.999603 0.999793 0.999769 0.999763 0.999763 0.999763 0.999763 0.999589 0.999758 0.999705 0.999641 0.999712 0.999633 0.999676 0.999945 0.999963 1.000000 0.999697 0.999782 0.999760 0.999758 0.999752 0.999763 0.999773 0.999773 0.999763 0.999681 0.999876 0.999605 0.999783 0.976749 0.999810 0.999813 0.999902 0.999788 0.999788 0.999784 0.999796 0.998271 0.997143 
0.999881 0.999909 0.999911 0.999719 0.999974 0.999849 0.999952 0.999842 0.999845 0.999897 0.999697 0.999719 0.999889 0.999898 0.999899 0.999898 0.999898 0.999705 0.999264 0.999927 0.999919 0.999925 0.999926 0.999357 0.999741 0.999920 0.999915 0.999903 0.999895 0.999564 0.999925 0.999926 0.999926 0.999927 0.999927 0.999225 0.999935 0.999992 0.999935 0.999983 0.999934 0.999980 0.999743 0.999720 0.999697 1.000000 0.999499 0.999926 0.999934 0.999919 0.999925 0.999920 0.999920 0.999927 0.999993 0.999602 0.999905 0.999799 0.975909 0.999817 0.999847 0.999664 0.999896 0.999896 0.999893 0.999885 0.998323 0.996981 
0.999609 0.999408 0.999406 0.999179 0.999501 0.999343 0.999534 0.999658 0.999657 0.999384 0.999798 0.999768 0.999590 0.999383 0.999384 0.999383 0.999383 0.999159 0.998594 0.999570 0.999561 0.999573 0.999563 0.999754 0.999744 0.999558 0.999562 0.999592 0.999388 0.999827 0.999571 0.999570 0.999570 0.999567 0.999567 0.999415 0.999560 0.999507 0.999432 0.999514 0.999433 0.999478 0.999752 0.999774 0.999782 0.999499 1.000000 0.999567 0.999560 0.999558 0.999570 0.999578 0.999578 0.999567 0.999490 0.999895 0.999396 0.999692 0.977310 0.999677 0.999641 0.999814 0.999597 0.999597 0.999595 0.999597 0.998224 0.997327 
0.999948 0.999843 0.999848 0.999650 0.999924 0.999773 0.999957 0.999902 0.999905 0.999839 0.999760 0.999779 0.999956 0.999836 0.999836 0.999836 0.999836 0.999637 0.999180 0.999997 0.999992 0.999994 0.999997 0.999436 0.999801 0.999993 0.999982 0.999971 0.999834 0.999632 0.999995 0.999996 0.999996 0.999998 0.999998 0.999300 0.999989 0.999934 0.999868 0.999941 0.999869 0.999909 0.999804 0.999783 0.999760 0.999926 0.999567 1.000000 0.999987 0.999992 0.999997 0.999990 0.999990 0.999998 0.999923 0.999668 0.999842 0.999868 0.976140 0.999885 0.999918 0.999727 0.999967 0.999967 0.999965 0.999954 0.998401 0.997041 
0.999939 0.999848 0.999853 0.999662 0.999933 0.999782 0.999969 0.999892 0.999896 0.999838 0.999751 0.999777 0.999951 0.999841 0.999842 0.999841 0.999841 0.999650 0.999185 0.999988 0.999977 0.999987 0.999986 0.999431 0.999796 0.999981 0.999980 0.999966 0.999840 0.999628 0.999987 0.999987 0.999987 0.999989 0.999989 0.999277 0.999997 0.999941 0.999876 0.999949 0.999873 0.999915 0.999797 0.999777 0.999758 0.999934 0.999560 0.999987 1.000000 0.999983 0.999984 0.999982 0.999982 0.999989 0.999923 0.999659 0.999848 0.999861 0.976148 0.999877 0.999906 0.999723 0.999954 0.999954 0.999950 0.999945 0.998342 0.996984 
0.999941 0.999834 0.999840 0.999644 0.999915 0.999765 0.999953 0.999894 0.999900 0.999832 0.999752 0.999774 0.999949 0.999834 0.999835 0.999834 0.999834 0.999633 0.999181 0.999990 0.999983 0.999986 0.999995 0.999427 0.999797 0.999997 0.999973 0.999963 0.999831 0.999624 0.999984 0.999986 0.999986 0.999992 0.999992 0.999263 0.999981 0.999927 0.999862 0.999934 0.999861 0.999904 0.999796 0.999775 0.999752 0.999919 0.999558 0.999992 0.999983 1.000000 0.999988 0.999983 0.999983 0.999992 0.999917 0.999662 0.999835 0.999862 0.976199 0.999878 0.999914 0.999720 0.999959 0.999959 0.999955 0.999938 0.998424 0.996990 
0.999943 0.999841 0.999846 0.999649 0.999923 0.999773 0.999957 0.999903 0.999904 0.999833 0.999763 0.999779 0.999956 0.999832 0.999833 0.999832 0.999832 0.999635 0.999175 0.999997 0.999990 0.999997 0.999994 0.999444 0.999802 0.999990 0.999985 0.999971 0.999832 0.999636 0.999996 0.999996 0.999996 0.999996 0.999996 0.999328 0.999987 0.999933 0.999867 0.999940 0.999868 0.999906 0.999805 0.999784 0.999763 0.999925 0.999570 0.999997 0.999984 0.999988 1.000000 0.999990 0.999990 0.999996 0.999921 0.999668 0.999841 0.999868 0.976045 0.999885 0.999916 0.999728 0.999965 0.999965 0.999963 0.999958 0.998338 0.997060 
0.999948 0.999836 0.999840 0.999645 0.999918 0.999769 0.999953 0.999903 0.999905 0.999826 0.999768 0.999791 0.999966 0.999827 0.999828 0.999827 0.999827 0.999632 0.999165 0.999992 0.999983 0.999991 0.999989 0.999452 0.999811 0.999982 0.999981 0.999977 0.999827 0.999646 0.999990 0.999991 0.999991 0.999991 0.999991 0.999312 0.999983 0.999928 0.999863 0.999935 0.999862 0.999901 0.999814 0.999793 0.999773 0.999920 0.999578 0.999990 0.999982 0.999983 0.999990 1.000000 1.000000 0.999991 0.999912 0.999676 0.999835 0.999878 0.976166 0.999895 0.999925 0.999738 0.999974 0.999974 0.999971 0.999966 0.998352 0.997045 
0.999948 0.999836 0.999840 0.999645 0.999918 0.999769 0.999953 0.999903 0.999905 0.999826 0.999768 0.999791 0.999966 0.999827 0.999828 0.999827 0.999827 0.999632 0.999165 0.999992 0.999983 0.999991 0.999989 0.999452 0.999811 0.999982 0.999981 0.999977 0.999827 0.999646 0.999990 0.999991 0.999991 0.999991 0.999991 0.999312 0.999983 0.999928 0.999863 0.999935 0.999862 0.999901 0.999814 0.999793 0.999773 0.999920 0.999578 0.999990 0.999982 0.999983 0.999990 1.000000 1.000000 0.999991 0.999912 0.999676 0.999835 0.999878 0.976166 0.999895 0.999925 0.999738 0.999974 0.999974 0.999971 0.999966 0.998352 0.997045 
0.999945 0.999843 0.999848 0.999657 0.999925 0.999774 0.999962 0.999902 0.999905 0.999836 0.999761 0.999783 0.999963 0.999839 0.999839 0.999839 0.999839 0.999644 0.999185 0.999998 0.999987 0.999996 0.999997 0.999438 0.999804 0.999991 0.999988 0.999974 0.999837 0.999633 0.999995 0.999995 0.999995 1.000000 1.000000 0.999309 0.999989 0.999935 0.999870 0.999941 0.999868 0.999907 0.999805 0.999784 0.999763 0.999927 0.999567 0.999998 0.999989 0.999992 0.999996 0.999991 0.999991 1.000000 0.999921 0.999668 0.999843 0.999869 0.976012 0.999886 0.999918 0.999731 0.999965 0.999965 0.999961 0.999956 0.998383 0.997043 
0.999874 0.999902 0.999905 0.999706 0.999964 0.999840 0.999943 0.999841 0.999841 0.999896 0.999690 0.999707 0.999877 0.999896 0.999897 0.999896 0.999896 0.999693 0.999273 0.999923 0.999923 0.999915 0.999924 0.999341 0.999733 0.999920 0.999898 0.999892 0.999892 0.999550 0.999915 0.999920 0.999920 0.999921 0.999921 0.999193 0.999925 0.999985 0.999926 0.999976 0.999931 0.999977 0.999736 0.999711 0.999681 0.999993 0.999490 0.999923 0.999923 0.999917 0.999921 0.999912 0.999912 0.999921 1.000000 0.999599 0.999900 0.999794 0.975903 0.999810 0.999845 0.999653 0.999894 0.999894 0.999893 0.999870 0.998413 0.997019 
0.999708 0.999518 0.999518 0.999305 0.999601 0.999449 0.999633 0.999753 0.999754 0.999501 0.999892 0.999863 0.999689 0.999501 0.999502 0.999501 0.999501 0.999286 0.998760 0.999669 0.999663 0.999667 0.999666 0.999662 0.999837 0.999662 0.999656 0.999688 0.999503 0.999741 0.999667 0.999668 0.999668 0.999668 0.999668 0.999481 0.999658 0.999609 0.999540 0.999615 0.999542 0.999584 0.999845 0.999868 0.999876 0.999602 0.999895 0.999668 0.999659 0.999662 0.999668 0.999676 0.999676 0.999668 0.999599 1.000000 0.999509 0.999789 0.976919 0.999774 0.999743 0.999906 0.999698 0.999698 0.999696 0.999688 0.998418 0.997250 
0.999798 0.999925 0.999967 0.999802 0.999880 0.999771 0.999862 0.999755 0.999758 0.999994 0.999608 0.999630 0.999807 0.999995 0.999995 0.999995 0.999995 0.999790 0.999378 0.999843 0.999834 0.999839 0.999843 0.999238 0.999651 0.999837 0.999828 0.999820 0.999989 0.999455 0.999839 0.999841 0.999841 0.999843 0.999843 0.999115 0.999849 0.999897 0.999966 0.999890 0.999965 0.999917 0.999654 0.999630 0.999605 0.999905 0.999396 0.999842 0.999848 0.999835 0.999841 0.999835 0.999835 0.999843 0.999900 0.999509 1.000000 0.999715 0.975581 0.999732 0.999764 0.999573 0.999813 0.999813 0.999811 0.999799 0.998288 0.996896 
0.999876 0.999720 0.999720 0.999529 0.999797 0.999655 0.999830 0.999831 0.999833 0.999704 0.999844 0.999817 0.999892 0.999706 0.999706 0.999706 0.999706 0.999513 0.999038 0.999870 0.999863 0.999868 0.999868 0.999498 0.999916 0.999862 0.999855 0.999892 0.999705 0.999592 0.999868 0.999869 0.999869 0.999869 0.999869 0.999297 0.999859 0.999807 0.999741 0.999814 0.999744 0.999781 0.999832 0.999821 0.999783 0.999799 0.999692 0.999868 0.999861 0.999862 0.999868 0.999878 0.999878 0.999869 0.999794 0.999789 0.999715 1.000000 0.976422 0.999974 0.999948 0.999846 0.999901 0.999901 0.999898 0.999889 0.998431 0.997091 
0.976442 0.975681 0.975662 0.974777 0.975872 0.975544 0.975924 0.976386 0.976413 0.975657 0.976701 0.976577 0.975933 0.975404 0.975451 0.975404 0.975404 0.974843 0.973320 0.976110 0.976356 0.976146 0.976102 0.977742 0.976464 0.976224 0.975924 0.976141 0.975435 0.977324 0.976148 0.976168 0.976168 0.976012 0.976012 0.975578 0.976118 0.975936 0.975700 0.975962 0.975735 0.976039 0.976647 0.976739 0.976749 0.975909 0.977310 0.976140 0.976148 0.976199 0.976045 0.976166 0.976166 0.976012 0.975903 0.976919 0.975581 0.976422 1.000000 0.976341 0.976253 0.976588 0.976268 0.976256 0.976313 0.976104 0.974190 0.974810 
0.999901 0.999736 0.999739 0.999549 0.999815 0.999673 0.999848 0.999855 0.999857 0.999724 0.999869 0.999842 0.999910 0.999725 0.999726 0.999725 0.999725 0.999534 0.999057 0.999887 0.999878 0.999885 0.999884 0.999523 0.999910 0.999879 0.999874 0.999910 0.999724 0.999617 0.999885 0.999885 0.999885 0.999886 0.999886 0.999339 0.999878 0.999824 0.999760 0.999831 0.999760 0.999799 0.999858 0.999846 0.999810 0.999817 0.999677 0.999885 0.999877 0.999878 0.999885 0.999895 0.999895 0.999886 0.999810 0.999774 0.999732 0.999974 0.976341 1.000000 0.999966 0.999832 0.999918 0.999918 0.999915 0.999908 0.998462 0.997099 
0.999906 0.999765 0.999768 0.999576 0.999843 0.999700 0.999878 0.999862 0.999865 0.999759 0.999837 0.999847 0.999932 0.999759 0.999760 0.999759 0.999759 0.999562 0.999102 0.999918 0.999912 0.999913 0.999919 0.999519 0.999877 0.999915 0.999900 0.999933 0.999756 0.999617 0.999913 0.999915 0.999915 0.999918 0.999918 0.999333 0.999907 0.999854 0.999789 0.999860 0.999791 0.999830 0.999867 0.999853 0.999813 0.999847 0.999641 0.999918 0.999906 0.999914 0.999916 0.999925 0.999925 0.999918 0.999845 0.999743 0.999764 0.999948 0.976253 0.999966 1.000000 0.999799 0.999950 0.999950 0.999948 0.999934 0.998511 0.997109 
0.999765 0.999583 0.999580 0.999387 0.999667 0.999520 0.999701 0.999814 0.999816 0.999559 0.999954 0.999930 0.999759 0.999564 0.999565 0.999564 0.999564 0.999366 0.998836 0.999730 0.999712 0.999731 0.999724 0.999635 0.999914 0.999717 0.999728 0.999754 0.999570 0.999711 0.999731 0.999731 0.999731 0.999731 0.999731 0.999472 0.999723 0.999672 0.999604 0.999679 0.999601 0.999642 0.999918 0.999936 0.999902 0.999664 0.999814 0.999727 0.999723 0.999720 0.999728 0.999738 0.999738 0.999731 0.999653 0.999906 0.999573 0.999846 0.976588 0.999832 0.999799 1.000000 0.999755 0.999755 0.999751 0.999756 0.998424 0.997193 
0.999955 0.999813 0.999818 0.999619 0.999891 0.999744 0.999923 0.999910 0.999912 0.999808 0.999789 0.999807 0.999978 0.999806 0.999807 0.999806 0.999806 0.999606 0.999146 0.999966 0.999963 0.999962 0.999965 0.999471 0.999831 0.999961 0.999948 0.999981 0.999804 0.999664 0.999963 0.999965 0.999965 0.999965 0.999965 0.999313 0.999956 0.999903 0.999839 0.999910 0.999842 0.999879 0.999834 0.999812 0.999788 0.999896 0.999597 0.999967 0.999954 0.999959 0.999965 0.999974 0.999974 0.999965 0.999894 0.999698 0.999813 0.999901 0.976268 0.999918 0.999950 0.999755 1.000000 1.000000 0.999999 0.999984 0.998433 0.997078 
0.999955 0.999813 0.999818 0.999619 0.999891 0.999744 0.999923 0.999910 0.999912 0.999808 0.999789 0.999807 0.999978 0.999806 0.999807 0.999806 0.999806 0.999606 0.999146 0.999966 0.999963 0.999962 0.999965 0.999471 0.999831 0.999961 0.999948 0.999981 0.999804 0.999664 0.999963 0.999965 0.999965 0.999965 0.999965 0.999314 0.999956 0.999903 0.999839 0.999910 0.999842 0.999879 0.999833 0.999812 0.999788 0.999896 0.999597 0.999967 0.999954 0.999959 0.999965 0.999974 0.999974 0.999965 0.999894 0.999698 0.999813 0.999901 0.976256 0.999918 0.999950 0.999755 1.000000 1.000000 0.999999 0.999985 0.998432 0.997080 
0.999953 0.999811 0.999816 0.999614 0.999888 0.999741 0.999917 0.999908 0.999910 0.999807 0.999788 0.999803 0.999974 0.999801 0.999802 0.999801 0.999801 0.999601 0.999143 0.999963 0.999962 0.999959 0.999963 0.999468 0.999827 0.999960 0.999942 0.999978 0.999801 0.999661 0.999960 0.999964 0.999964 0.999961 0.999961 0.999303 0.999953 0.999901 0.999836 0.999907 0.999842 0.999877 0.999831 0.999810 0.999784 0.999893 0.999595 0.999965 0.999950 0.999955 0.999963 0.999971 0.999971 0.999961 0.999893 0.999696 0.999811 0.999898 0.976313 0.999915 0.999948 0.999751 0.999999 0.999999 1.000000 0.999981 0.998450 0.997080 
